1247	2331	3471	4464	4779	7545	9072	9205	11080	13102	15923	17701	22245	OSTA5
Uam1203	1	0	2	2	2	2	2	2	2	2	2	2	2	2
Uam1203	1	0	2	2	2	2	3	3	2	2	2	2	2	2
Uam13724	1	0	2	2	2	2	2	4	3	3	2	3	3	2
Uam13724	1	0	3	2	2	2	4	5	4	3	3	4	2	3
Uam16103	1	0	2	3	2	3	2	6	2	3	2	3	4	4
Uam16103	1	0	2	2	2	3	2	7	2	3	4	4	4	2
Uam24064	1	0	2	2	2	2	2	6	2	2	4	2	2	5
Uam24064	1	0	2	2	2	2	2	8	2	2	4	2	5	6
Uam6586	1	0	2	2	2	4	2	5	3	2	2	3	2	5
Uam6586	1	0	4	2	2	5	4	8	2	2	4	2	2	6
Uam6616	1	0	5	2	2	2	2	6	3	2	4	2	2	7
Uam6616	1	0	6	2	2	6	2	6	2	2	4	2	2	7
UamC122	1	0	3	2	3	3	2	5	5	3	4	3	4	2
UamC122	1	0	3	2	2	2	2	9	2	3	4	3	6	2
Uar001	2	0	7	4	4	7	5	4	5	4	5	5	7	7
Uar001	2	0	7	5	4	8	5	10	5	4	6	5	7	7
Uar004	2	0	8	4	5	9	6	4	6	4	5	5	8	5
Uar004	2	0	8	6	4	8	5	4	5	5	5	6	7	8
Uar066	3	0	8	4	6	7	7	4	6	6	5	5	7	5
Uar066	3	0	9	4	4	7	5	11	6	5	7	5	7	5
Uar1254	4	0	8	7	7	9	8	10	7	6	5	5	3	7
Uar1254	4	0	8	5	7	10	6	10	7	6	5	5	9	7
Uar273	3	0	8	5	7	8	6	4	5	4	8	5	7	7
Uar273	3	0	7	5	5	8	5	4	7	7	7	5	7	7
Uar30952	4	0	8	7	7	9	8	10	5	6	5	5	3	7
Uar30952	4	0	8	5	7	10	8	10	5	6	8	5	9	7
Uar76924	4	0	8	8	4	11	8	4	5	6	9	7	7	5
Uar76924	4	0	8	8	4	11	6	4	5	6	9	7	7	5
UarA9105	5	0	8	7	7	11	8	4	7	6	10	5	7	9
UarA9105	5	0	8	5	8	11	6	4	7	6	10	7	7	7
UarA9106	5	0	8	4	7	12	8	4	6	6	10	5	7	10
UarA9106	5	0	8	4	7	11	6	4	6	6	10	7	10	7
UarBac01	3	0	8	5	6	13	6	4	7	6	5	8	7	7
UarBac01	3	0	8	5	4	8	5	4	6	6	5	7	7	8
UarBac02	3	0	8	4	6	12	6	4	5	6	7	8	7	5
UarBac02	3	0	8	5	4	8	5	4	5	5	6	5	7	5
UarBT1-8	3	0	8	9	6	12	6	4	5	5	5	5	8	5
UarBT1-8	3	0	8	5	9	9	6	4	6	5	5	7	7	5
UarBT3-9	3	0	8	4	6	9	6	4	7	4	5	8	3	7
UarBT3-9	3	0	8	8	6	7	6	10	6	6	5	5	7	7
UarC68	3	0	8	4	4	9	6	4	6	8	5	5	7	5
UarC68	3	0	8	8	9	11	5	4	5	5	5	5	7	5
UarCar01	2	0	8	6	6	14	9	4	6	9	5	8	7	7
UarCar01	2	0	10	5	6	15	10	4	5	5	6	5	7	8
UarCar02	2	0	8	4	4	9	6	4	6	4	5	8	7	5
UarCar02	2	0	9	4	4	16	5	4	5	5	7	5	7	7
UarF148	3	0	8	9	6	12	6	4	6	5	5	5	3	5
UarF148	3	0	8	5	9	9	6	4	5	5	5	5	7	5
UarM4051	3	0	8	10	6	12	6	4	6	4	5	5	7	5
UarM4051	3	0	9	5	4	17	6	4	6	6	5	5	7	7
Uma009	6	0	11	11	10	9	10	12	8	10	10	9	7	7
Uma009	6	0	11	12	10	9	10	12	8	10	10	9	7	7
UmaB24	6	0	12	13	10	9	10	12	8	11	10	9	7	7
UmaB24	6	0	12	12	10	18	10	12	8	10	10	9	7	7
UmaB26	6	0	12	11	10	9	11	12	8	12	10	9	7	7
UmaB26	6	0	12	12	10	9	10	12	8	10	10	9	7	7
UmaB28	6	0	12	14	10	9	11	12	8	10	10	9	7	7
UmaB28	6	0	11	12	11	9	11	12	8	13	10	9	7	7
UmaB30	6	0	12	11	10	9	10	12	8	10	10	9	7	7
UmaB30	6	0	11	12	11	9	10	12	8	10	10	9	7	7
UmaB31	6	0	12	12	10	9	10	12	8	10	10	9	7	7
UmaB31	6	0	12	12	11	9	10	12	8	10	10	9	7	7
UmaB33	6	0	12	13	10	9	10	12	8	10	10	9	7	7
UmaB33	6	0	12	12	11	9	10	12	8	10	10	9	7	7
UmaB34	6	0	12	12	10	9	11	12	8	11	10	9	7	7
UmaB34	6	0	11	12	11	9	10	12	8	10	10	9	7	7
UmaB35	6	0	12	11	10	9	10	12	8	12	10	9	7	7
UmaB35	6	0	12	11	11	9	10	12	8	13	10	9	11	7
UmaB37	6	0	12	13	10	9	10	12	8	10	10	9	7	7
UmaB37	6	0	12	12	11	9	10	12	8	14	10	9	11	7
UmaB38	6	0	12	11	10	9	11	12	8	10	10	9	7	7
UmaB38	6	0	11	13	11	9	11	12	8	10	10	9	11	7
UmaB40	6	0	12	11	10	9	10	12	8	10	10	9	7	7
UmaB40	6	0	12	12	10	18	10	12	8	10	10	9	7	7
UmaC120	6	0	12	13	10	9	11	12	8	10	10	9	7	7
UmaC120	6	0	12	12	12	9	10	12	8	13	10	9	7	7
UmaC5	6	0	12	11	10	9	10	12	8	10	10	9	7	7
UmaC5	6	0	11	12	11	9	10	12	8	10	10	9	7	7
Umagenom	6	0	11	11	10	9	10	12	8	10	10	9	12	7
Umagenom	6	0	11	11	10	9	10	12	8	10	10	9	12	7
UmaI01	6	0	12	11	10	9	10	12	8	10	10	9	7	7
UmaI01	6	0	12	11	11	9	10	12	8	13	10	9	12	7
UmaI02	6	0	12	15	10	9	10	12	8	10	10	9	7	7
UmaI02	6	0	11	16	11	9	10	12	8	15	10	9	7	7
UmaI03	6	0	12	11	10	9	10	12	8	10	10	9	7	7
UmaI03	6	0	11	12	11	9	10	12	8	10	10	9	11	7
UmaI04	6	0	12	14	10	9	10	12	8	10	10	9	7	7
UmaI04	6	0	12	14	11	9	10	12	8	13	10	9	11	7
Amegenom	7	0	1	1	1	1	1	1	1	1	1	1	1	1
Amegenom	7	0	1	1	1	1	1	1	1	1	1	1	1	1
